1.72
0.34
0.44
0.18
0.25
2.24
0.38
6.02
0.26
1.48
3.95
4.28
1.27
0.35
0.15
0.34
8.27
0.35
0.63
0.64
12.90
0.38
0.39
2.86
2.54
0.38
0.23
3.86
2.48
0.38
0.38
0.38
0.23
0.88
0.37
5.48
0.27
2.48
0.21
0.32
0.45
0.41
1.30
0.73
14.00
2.59
1.21
0.90
0.19
0.33
3.13
0.38
3.14
2.69
0.61
0.09
0.28
0.57
0.38
2.19
2.38
0.37
0.14
0.65
0.69
0.12
0.38
1.32
Command terminated by signal 6
50.03
0.25
7.37
Command terminated by signal 6
47.88
4.14
0.41
1.68
Command terminated by signal 6
56.34
0.84
0.40
4.24
0.66
0.41
3.69
0.30
0.89
0.33
0.39
0.81
4.40
9.67
2.38
0.44
3.19
1.95
0.50
0.79
1.27
0.42
0.38
1.16
2.98
