0.56
2.87
1.00
0.21
0.57
0.56
4.79
0.52
0.57
2.58
0.63
2.26
1.49
0.49
1.32
0.25
2.94
5.21
1.51
6.94
1.15
1.13
0.56
0.44
0.93
3.62
4.79
5.85
0.16
0.55
0.41
1.47
1.07
5.79
0.52
0.56
0.37
1.56
0.57
148.69
0.56
0.58
0.15
0.44
0.68
5.34
3.24
10.26
0.26
0.57
5.66
0.57
1.03
4.24
1.44
3.04
182.05
4.36
0.55
0.40
166.74
40.80
0.25
3.35
6.67
144.44
0.58
1.43
1.19
1.01
38.66
1.59
0.58
2.57
136.60
1.17
0.58
0.34
3.67
0.52
0.55
4.80
10.24
0.52
9.02
0.59
0.97
0.57
1.54
2.09
1.35
2.39
0.40
0.35
0.58
12.47
4.38
0.46
0.55
0.71
