3.63
1.06
3.14
1.76
1.92
12.09
0.56
0.34
132.74
5.68
1.45
1.44
139.71
2.01
0.91
3.23
0.54
0.56
2.99
0.58
0.72
0.29
1.21
3.21
5.29
0.54
0.22
147.43
8.18
10.58
15.28
19.60
1.05
0.58
0.86
0.30
0.55
0.38
26.70
3.79
27.34
1.41
0.55
141.30
1.84
0.98
9.62
15.05
0.85
0.42
0.59
0.57
6.01
0.87
169.09
1.90
0.59
0.56
146.08
7.15
1.82
0.56
0.57
9.04
1.61
4.16
3.77
0.17
1.01
1.36
1.50
0.49
0.57
0.57
14.15
24.60
3.56
3.61
0.58
0.56
0.48
153.85
33.23
1.54
0.56
0.96
0.28
0.54
3.26
3.08
0.91
0.58
30.33
177.73
0.56
1.37
4.05
0.14
149.47
0.50
